9788538044918
9788538006121
9788575209097
9788538000501
9788575205020
9788538058700
9788538034018
9788538000297
9788538002284
9788538001140
9788538004929
9788538006725
9788538006312
9788538006503
9788538006442
9788538006527
9788538006480
9788538006404
9788538007807
9788538006381
9788538005018
9788538006350
9788538006367
9788538006329
9788538006299
9788538006305
9788538006343
9788538006510
9788538006398
9788538006374
9788538006428
9788538006435
9788538006411
9788538006459
9788538006336
9788538006497
9788538015420
9788538001225
9788538004165
9788538005438
9788538004158
9788538011231
9788538012672
9788538011750
9788538011224
9788538011767
9788538011682
9788538012221
9788538012238
9788538012214
9788538011262
9788538011194
9788538011132
9788538010579
9788538011293
9788538011170
9788538011095
9788538011156
9788538011217
9788538011088
9788538010647
9788538014218
9788538011323
9788538011279
9788538011309
9788538011200
9788538011286
9788538007906
9788538007890
9788538007913
9788538007876
9788538007883
9788538007869
9788538007920
9788538011347
9788538005667
9788573984521
9788538011255
9788538011118
9788538011163
9788538011101
9788538011187
9788538011316
9788538013549
9788538015291
9788538000228
9788538013679
9788538004943
9788538000471
9788538000518
9788538030669
9788575209790
9788538006466
9788538007852
9788538004936
9788538011125
9788538011330
9788538000723
9788538007777
9788538004592
9788538012368
9788538011668
9788538013297
9788538011651
9788538011637
9788538013648
9788538006039
9788538005032
9788538012931
9788538034032
9788538014591
9788538015048
9788538006473
9788538004813
9788538013013
9788538007555
9788538007074
9788538007067
9788538007050
9788538007081
9788538018315
9788538013020
9788538001751
9788538017561
9788538019787
9788538031703
9788538017219
9788538017448
9788538017233
9788538017332
9788538017257
9788538017387
9788538017172
9788538017240
9788538017479
9788538017349
9788538017202
9788538017455
9788538017226
9788538017158
9788538017196
9788538017318
9788538017370
9788538017165
9788538017301
9788538017325
9788538017189
9788538017356
9788538017363
9788538017295
9788538016939
9788538016915
9788538016922
9788538016946
9788538016953
9788538019749
9788538019732
9788538019725
9788538019718
9788538018711
9788538018704
9788538017851
9788538017868
9788538018445
9788538018087
9788538018056
9788538018063
9788538016830
9788538016847
9788538016854
9788538016861
9788538012399
9788538013273
9788538011736
9788538011774
9788538010876
9788538018209
9788538014096
9788538014119
9788538021902
9788538001881
9788538017578
9788538018667
9788538017981
9788538021933
9788538024729
9788538024408
9788538024743
9788538024736
9788538024415
9788538024439
9788538024446
9788538022503
9788538022510
9788538022565
9788538022572
9788538022602
9788538022527
9788538022534
9788538022558
9788538022589
9788538022480
9788538022657
9788538022626
9788538022473
9788538022633
9788538022541
9788538022442
9788538022497
9788538022596
9788538022435
9788538022640
9788538022619
9788538022664
9788538022459
9788538022466
9788538017998
9788538005087
9788538026211
9788538031710
9788538024897
9788538025375
9788538025313
9788538025382
9788538025658
9788538025450
9788538025665
9788538025399
9788538026402
9788538025672
9788538025641
9788538025481
9788538025498
9788538025948
9788538025955
9788538025511
9788538025634
9788538051787
9788538060147
9788538051794
9788538060154
9788522015160
9788522015825
9788522029778
9788522029556
9788520921159
9788522012053
9788520926017
9788538055068
9788538055075
9788538067689
9788538019060
9788538064299
9788538022060
9788538037057
9788538044574
9788538041771
9788538046073
9788538046066
9788538046080
9788538046097
9788538046103
9788538046110
9788538059066
9788538059110
9788538059073
9788538059103
9788538059080
9788538059097
9788538037408
9788538040163
9788538059035
9788538043461
9788538039129
9788536417509
9788536418728
9781445429830
9781445483313
9781445487540
9781445481180
9781445429861
9788538064077
9788538053620
9788538053750
9788538064275
9788538053637
9788538062097
9788538062103
9788538061892
9788538062158
9788538062134
9788538062080
9788538062141
9788538065258
9788538064879
9788538065210
9788538064862
9788538052081
9788538006770
9788538003526
9788538018247
9788538005773
9788575207727
9788538017783
9788538003656
9788538010142
9788538004653
9788538003557
9788538011798
9788538017776
9788538004738
9788538067917
9788538003519
9788538003571
9788538005971
9788538011743
9788538006657
9788538014270
9788538064282
9788538003649
9788538064565
9788538014287
9788538064541
9788538064572
9788538064558
9788538052098
9788538058380
9788538055525
9788538002710
9788538062813
9788538062882
9788538062998
9788538063117
9788538067078
9788538067085
9788538067061
9788538067092
9788538055778
9788538055822
9788538055846
9788538065760
9788538065791
9788538065777
9788538065708
9788538058892
9788538058892
9788538058878
9788538058885
9788538058908
9788538058397
9788538058472
9788538058403
9788538061175
9788538066781
9788538066682
9788538066699
9788538066880
9788538058496
9788538058526
9788538058533
9788538058090
9788538056546
9788538056522
9788538056607
9788538055907
9788538055853
9788538055891
9788538051671
9788538054993
9788538055013
9788538054870
9788538061120
9788538061137
9788538061144
9788538067214
9788538067344
9788538065128
9788538065104
9788538065111
9788538064213
9788538064220
9788538067306
9788538067290
9788538067320
9788538067313
9788538067368
9788538067375
9788538067405
9788538067412
9788538066552
9788538066569
9788538066538
9788538066545
9788538063445
9788538063186
9788538063452
9788538063650
9788538065135
9788538063513
9788538065173
9788538064800
9788538064817
9788538065326
9788538060178
9788538060161
9788538048138
9788538057574
9788538024576
9788538024712
9788538057895
9788538055952
9788538060857
9788538056232
9788538055945
9788538056065
9788538061908
9788538054153
9788538055914
9788538058922
9788538060208
9788538060932
9788538061182
9788538065784
9788538062417
9788538065142
9788538065159
9788538065166
9788538064824
9788538064831
9788538064374
9788538063551
9788538065456
9788538065463
9788538064343
9788538063544
9788538067610
9788538055518
9788538058229
9788538066910
9788538066903
9788538065357
9788538065425
9788538063124
9788538063179
9788538055419
9788538055440
9788538064688
9788538064947
9788538063667
9788538063681
9788538063964
9788538054115
9788538054122
9788538067856
9788538043980
9788538043966
9788538043973
9788538067863
9788538067887
9788538067870
9788538065845
9788538058328
9788538058137
9788538058113
9788538058304
9788538058281
9788538058168
9788538058236
9788538058298
9788538058311
9788538054139
9788538054146
9788538055372
9788538053347
9788538067696
9788538067726
9788538037842
9788538013280
9788538020165
9788538020196
9788538020189
9788538020172
9788538062844
9788538060253
9788538020158
9788538063704
9788538064053
9788538064046
9788538063698
9788538058045
9788538067559
9788538064589
9788538064596
9788538064503
9788538064534
9788538064893
9788538064909
9788538064886
9788538064916
9788538054276
9788538054269
9788538054290
9788538054283
9788538063636
9788538066859
9788538067580
9788538067641
9788538064107
9788538064114
9788538067597
9788538064091
9788538066835
9788538067603
9788538067634
9788538067511
9788538058519
9788538065197
9788538066101
9788538066507
9788538065999
9788538065982
9788538066095
9788538066118
9788538066828
9788538066842
9788538065869
9788538065876
9788538054252
9788538054177
9788538014577
9788538062394
9788538055037
9788538055020
9788538062721
9788538058373
9788538064510
9788538063759
9788538064527
9788538048534
9788538063629
9788538063643
9788538059714
9788538054306
9788538059721
9788538054337
9788538054313
9788538059707
9788538030676
9788538059745
9788538058052
9788538058076
9788538040774
9788538040804
9788538064312
9788538064336
9788538064329
9788538061601
9788538061915
9788538039075
9788538035077
9788538062318
9788538063292
9788538060260
9788538026259
9788538026938
9788538046714
9788538046707
9788538033622
9788538063278
9788538059691
9788538062370
9788538063414
9788538039716
9788538055334
9788538052326
9788538052319
9788538052296
9788538060635
9788538060659
9788538054504
9788538060406
9788538025559
9788538033547
9788538033530
9788538055884
9788538060963
9788538059981
9788538055662
9788538055655
9788538060765
9788538054986
9788538060772
9788538060789
9788538018407
9788538053996
9788538055174
9788538050292
9788538057345
9788538060239
9788538061359
9788538033950
9788538044864
9788538000631
9788538045953
9788538043034
9788538054542
9788538054764
9788538054818
9788538054825
9788538063223
9788538063230
9788538063216
9788538066255
9788538066279
9788538066286
9788538066262
9788538046479
9788538032144
9788538046462
9788538032151
9788538048329
9788538063384
9788538032496
9788538063360
9788538063353
9788538008422
9788538008439
9788538008477
9788538063377
9788538063391
9788538008279
9788538060970
9788538053712
9788538041764
9788538062615
9788538062875
9788538062110
9788538064619
9788538064602
9788538063261
9788538062660
9788538064732
9788538058069
9788538059813
9788538062653
9788538059820
9788538062400
9788538058175
9788538058205
9788538058199
9788538058182
9788538062561
9788538062585
9788538062578
9788538062592
9788538057505
9788538054443
9788538054184
9788538057901
9788538060864
9788538060840
9788538056164
9788538065012
9788538056140
9788538048152
9788538047223
9788538047278
9788538048206
9788538047254
9788538055976
9788538055969
9788538055990
9788538055983
9788538060048
9788538066705
9788538066071
9788538066088
9788538065722
9788538065715
9788538065739
9788538067191
9788538066804
9788538066774
9788538066767
9788538066811
9788538066750
9788538055228
9788538055280
9788538063438
9788538054665
9788538067665
9788538066033
9788538066026
9788538066002
9788538066019
9788538036760
9788538036739
9788538036753
9788538055761
9788538054320
9788538054344
9788538054368
9788538054351
9788538058434
9788576653585
9781407535319
9788538055365
9788538057994
9788538055211
9788538056263
9788538056270
9788538057888
9788538056348
9788538056324
9788538056331
9788538056317
9788538057987
9788538054092
9788538031253
9788538031260
9788538031246
9788538067672
9788538045007
9788538045069
9788538045021
9788538055358
9788538056959
9788538060710
9788538061335
9788538039679
9788538067573
9788538065807
9788538065838
9788538065821
9788538065814
9788538052166
9788506073230
9788506078105
9788506078839
9788506077962
9788506078945
9788538055112
9788538055105
9788538058144
9788538061373
9788538063872
9788538065371
9788538057031
9788538067566
9788538065753
9788538061489
9788538058656
9788538055624
9788538055617
9788538064695
9788538064701
9788538053576
9788538064756
9788538062325
9788538064763
9788538064749
9788538064305
9788538064725
9788538065883
9788538053040
9788538036074
9788538036630
9788538044550
9788538044581
9788538044536
9788538053798
9788538052920
9788538049234
9788538052937
9788538049227
9788538037262
9788538052906
9788538046455
9788538036654
9788538053781
9788538039686
9788538036258
9788538036210
9788538036661
9788538037279
9788538045311
9788538045267
9788538043911
9788538045298
9788538044710
9788538043485
9788538044741
9788538023029
9788538054375
9788538054207
9788538043508
9788538043478
9788538045533
9788538052890
9788538037484
9788538036685
9788538044727
9788538052852
9788538035916
9788538041788
9788538044703
9788538044758
9788538037477
9788538036173
9788538035947
9788538052869
9788538044734
9788538044925
9788538047551
9788538047575
9788538035923
9788538053125
9788538042389
9788538042402
9788538042372
9788538042396
9788538043492
9788538045281
9788538045274
9788538052913
9788538045304
9788538035954
9788538043669
9788538046752
9788538052944
9788538053101
9788538052784
9788538052883
9788538047841
9788538054191
9788538043645
9788538043676
9788538043638
9788538036227
9788538035930
9788538037439
9788538037422
9788538037460
9788538037453
9788538036623
9788538036500
9788538036678
9788538037019
9788538037446
9788538036692
9788538041801
9788538041818
9788538036708
9788538037385
9788538036647
9788538037392
9788538047568
9788538044543
9788538052760
9788538052791
9788538059189
9788538052753
9788538052951
9788538053149
9788538052968
9788538053057
9788538052746
9788538052845
9788538053071
9788538053774
9788538054238
9788538054214
9788538054221
9788538052876
9788538059042
9788538059011
9788538058984
9788538053064
9788538053811
9788538053804
9788538059554
9788538059165
9788538059127
9788538042433
9788538043454
9788538059158
9788538059172
9788538053095
9788538042105
9788538059004
9788538047544
9788538058991
9788538059059
9788538058977
9788538058960
9788538059134
9788538042112
9788538047537
9788538059028
9788538058212
9788538059141
9788538055006
9788538046615
9788538055648
9788538052524
9788538043430
9788538039624
9788538039631
9788538039648
9788538055747
9788538051053
9788538048336
9788538057048
9788538056560
9788533936423
9788533938519
9788533938588
9788533938410
9788533938458
9788533938489
9788533936256
9788533935990
9788533933453
9788533926103
9788533926110
9788533935198
9788533923515
9788533924161
9788533926493
7898220984599
9788533925120
9788533932821
9788533932920
9788533938168
9788533932289
9788538063346
9788538008446
9788538032519
9788538054658
9788538052364
9788538052692
9788538054481
9788538048343
9788537628508
9788538052074
9788538052067
9788538064787
9788538064770
9788538064855
9788538064718
9788538060734
9788538046127
9788538046158
9788538046134
9788538046141
9788538064930
9788538065180
9788538063520
9788538064381
9788537615706
9788538031239
9788538050964
9788538051060
9788538050346
9788538046929
9788538051190
9788538052449
9788538049128
9788538050568
9788538049012
9788538051206
9788538051213
9788541004640
9788576615200
9788538050827
9788538048060
9788538053088
9788506070024
9788538015086
9788538015093
9788580736595
9788536816456
9788538057598
9788543202372
9788506009017
9788506011287
9788538049975
9788538049968
9788538049944
9788538050001
9788538050018
9788537614914
9788537622490
9788537620922
9788537620953
9788543203997
7898084015798
7898084016085
7898084015873
9788538057710
9788538057727
9788565993906
9788538049906
9788538049982
9788538049951
9788538049999
9788538049913
9788538049937
9788538049920
7898084016313
9788543203119
9788506073186
9788542400090
9788542400106
9788542400168
9788542400281
9788542400175
9788576773955
9788541005821
9788576773610
9788537623220
9788537619070
9788581040387
9788542405279
9788542405149
9788543208800
9788543208084
9788506070482
9788506077214
9788506077207
9788506077191
9788506077160
9788506077184
9788506077177
9788543209333
9788543209494
9788543209388
9788543208794
9788543209371
9788543209456
9788543209586
9788543208817
9788543208787
9788543203782
9788576611271
9788541004169
9788538034735
9788538038030
9788538060536
9788538056195
9788538056089
9788538056201
9788538056041
9788538021230
9788538021209
9788538021193
9788538021216
9788538021223
9788538021247
9788538060482
9788538060475
9788538060413
9788538060420
9788538050322
9788538050308
9788538046257
9788538047063
9788538060109
9788538051954
9788538046554
9788538007548
9788538046721
9788538046691
9788538051268
9788538051237
9788538051244
9788538051220
9788538054887
9788538054955
9788538054962
9788538054979
9788538060826
9788538065036
9788538065203
9788538065043
9788538065241
9788538055860
9788538053989
9788538053972
9788538055877
9788538061250
9788538060949
9788538060727
9788538060741
9788538060758
9788538061212
9788538061229
9788538061236
9788538058335
9788538052982
9788538052975
9788538055693
9788538055686
9788538055709
9788538055501
9788538056157
9788538055204
9788538056027
9788538056010
9788538055082
9788538054856
9788538059905
9788538059882
9788538059899
9788538059950
9788538059974
9788538059868
9788538059967
9788538059936
9788538059912
9788538059929
9788538059943
9788538059875
9788538062011
9788538062028
9788538061953
9788538061991
9788538048008
9788538057390
9788538057437
9788538054436
9788538057406
9788538054412
9788538054382
9788538054399
9788538051824
9788538051893
9788538057413
9788538051916
9788538051848
9788538051909
9788538051855
9788538051879
9788538057451
9788538051930
9788538054429
9788538051831
9788538051862
9788538054405
9788538057420
9788538051923
9788538051886
9788538062509
9788575206775
9788538058564
9788538003335
9788538047599
9788538047582
9788538047629
9788538053323
9788538046912
9788538050261
9788538055631
9788538059677
9788538043959
9788538043935
9788538044024
9788538044031
9788538054634
9788538055167
9788538055150
9788538055143
9788538055136
9788538056126
9788538056034
9788538033332
9788538033349
9788538044178
9788538044161
9788538044154
9788538044185
9788538063834
9788538063896
9788538063919
9788538067115
9788538067122
9788538067139
9788538067108
9788538060468
9788538058120
9788538058007
9788538058717
9788538053682
9788538053699
9788538058489
9788538044994
9788538025504
9788538025443
9788538025962
9788538025979
9788538025627
9788538020240
9788538028161
9788538058342
9788538028178
9788538026242
9788538025061
9788538010319
9788538023166
9788538023197
9788538023180
9788538025108
9788538025122
9788538025214
9788538028444
9788538030157
9788538029694
9788538032311
9788538032328
9788538022954
9788538016809
9788538030997
9788538030973
9788538032229
9788538029854
9788538022695
9788538007029
9788538025467
9788538032335
9788538006015
9788538023913
9788538023890
9788538023906
9788538032380
9788538030218
9788538031017
9788538032175
9788538029090
9788538016816
9788538032298
9788538014140
9788538023920
9788538006008
9788538032168
9788538030980
9788538025474
9788538029830
9788538032182
9788538029847
9788538002147
9788538030225
9788538006022
9788538030164
9788538029106
9788538029083
9788538030324
9788538029960
9788538032373
9788538030089
9788538030133
9788538032236
9788538030928
9788538022077
9788538030058
9788538030249
9788538030799
9788538030171
9788538030140
9788538030331
9788538032243
9788538030317
9788538030034
9788538032359
9788538030256
9788538030270
9788538030782
9788538030195
9788538029984
9788538030294
9788538032267
9788538030232
9788538030263
9788538030003
9788538028819
9788538029991
9788538030775
9788538030188
9788538030027
9788538030102
9788538030119
9788538029113
9788538030300
9788538007814
9788538022718
9788538002185
9788538028826
9788538032281
9788538022725
9788538030041
9788538029977
9788538032342
9788538029069
9788538030010
9788538032304
9788538032731
9788538032199
9788538028802
9788538030096
9788538030751
9788538028796
9788538030287
9788538030126
9788538032366
9788538023005
9788538029076
9788538030201
9788538014201
9788538028727
9788538024002
9788538013464
9788538030805
9788538033752
9788538035237
9788538035244
9788538034384
9788538034391
9788538035596
9788581040066
9788538036418
9788538033745
9788538003359
9788538043423
9788538039600
9788538039594
9788538039617
9788538035169
9788538035152
9788538039433
9788538039426
9788538039853
9788538041719
9788538041689
9788538041146
9788538039402
9788538039419
9788538034674
9788538047216
9788541001434
9788581020709
9788538048831
9788538021186
9788538007722
9788538021254
9788538010562
9788538007746
9788538013839
9788541002790
9788576619291
9788576619307
9788576619321
9788538046509
9788538042549
9788538042716
9788538042709
9788538042723
9788538042693
9788538048121
9788538048091
9788538043768
9788538043744
9788538037866
9788538043652
9788538043591
9788538039792
9788538039785
9788538039778
9788538039808
9788538047384
9788538047391
9788538047377
9788538047414
9788538047421
9788538042822
9788538042792
9788538037705
9788538031437
9788538038290
9788538046165
9788538037712
9788538044062
9788538044116
9788538043867
9788538043843
9788538044055
9788538043850
9788538045458
9788538045441
9788538045434
9788538045410
9788538042013
9788538039860
9788538039877
9788538043041
9788538043249
9788538036197
9788538036203
9788538040194
9788538035084
9788538047674
9788581040158
9788580738940
9788538030737
9788538039051
9788538039044
9788538033431
9788538046349
9788537610718
9788561486617
9788538050612
9788538049555
9788538046486
9788538053422
9788533922259
9788533923010
9788577748105
9788577746507
9788577748198
9788577747535
9788538052999
9788538045663
9788541000772